00000000101001000010010100000011
00000000100101000010010010000011
00000000000001000010010000000011
00000000001101000010010100000011
00000000101001001010010100000011
11111111011101000010010010000011
00000000000001000010010000000011
11111111110101000010001110000011
00000000101001000010010100100011
00000000100101000010010010100011
00000000100001000010000000100011
00000000101001000010000110100011
00000000101001001010010100100011
11111110100101000010101110100011
00000000100001000010000000100011
11111110011101000010111010100011
